[MINIMUM WATER SHELL THICKNESS]
        3.000000e+00
[ENCLOSING SPHERE (X,Y,Z,R)]
       -1.891830e-04
       -3.294163e-05
        4.992072e+01
        8.033108e+01
[NR OF GAUSSIANS]
8
[SURFACE LEVEL]
        2.500000e-01
[GAUSSIAN HEIGHTS]
        1.028523e+00
        1.053062e+00
        1.035993e+00
        1.029958e+00
        9.026976e-01
        9.181753e-01
        1.026717e+00
        1.029798e+00
[GAUSSIAN CENTERS]
        2.315432e+01        -3.290779e+01         4.729632e+01
       -5.864104e-01        -1.062071e+00        -5.043126e+00
       -3.247799e+01        -2.384620e+01         4.662307e+01
        3.306002e+01         2.343151e+01         4.924212e+01
        2.410483e-01         2.048545e+00         7.862509e+01
        1.556122e+00         2.854735e+00         3.435279e+01
        7.731517e-02        -8.696167e-01         1.037066e+02
       -2.556542e+01         3.148817e+01         4.860842e+01
[GAUSSIAN VARIANCES]
        1.232452e+03         6.000261e+02         1.963595e+02
        7.503400e+02         7.388903e+02         2.273606e+02
        1.219345e+03         5.796774e+02         1.967082e+02
        1.219969e+03         6.146275e+02         1.920436e+02
        9.294609e+02         9.197083e+02         3.716567e+02
        8.385377e+02         6.422745e+02         5.326966e+02
        9.084211e+02         9.041044e+02         1.786760e+02
        1.222803e+03         6.095153e+02         1.933854e+02
[GAUSSIAN ORIENTATIONS]
        2.536626e-02         8.222750e-01         5.685248e-01
       -7.492712e-02         5.686720e-01        -8.191448e-01
        9.968663e-01         2.181929e-02        -7.603577e-02
        2.163911e-01         9.762941e-01         4.975898e-03
        9.761282e-01        -2.164462e-01         1.802166e-02
       -1.867145e-02        -9.573885e-04         9.998252e-01
       -3.975283e-02         5.930577e-01        -8.041780e-01
       -7.465164e-02        -8.043277e-01        -5.894779e-01
        9.964170e-01        -3.659979e-02        -7.624703e-02
        6.945731e-02         5.813939e-01        -8.106521e-01
        7.476414e-03        -8.128952e-01        -5.823620e-01
        9.975569e-01        -3.438853e-02         6.080826e-02
        6.694139e-01        -7.427947e-01        -1.187612e-02
        7.428894e-01         6.693146e-01         1.154487e-02
        6.266041e-04         1.655094e-02        -9.998628e-01
       -2.688249e-01         8.520499e-01        -4.491594e-01
       -6.825690e-01        -4.975406e-01        -5.353064e-01
        6.795828e-01        -1.626786e-01        -7.153342e-01
        9.597974e-01        -2.806055e-01        -7.034606e-03
        2.806448e-01         9.597965e-01         5.404754e-03
       -5.235186e-03         7.161695e-03        -9.999607e-01
       -2.201328e-02         7.783908e-01         6.273939e-01
        6.313018e-02         6.273759e-01        -7.761534e-01
        9.977625e-01        -2.252181e-02         6.295055e-02
