[ENCLOSING SPHERE (X,Y,Z,R)]
       -1.891830e-04
       -3.294163e-05
        4.992072e+01
        8.033108e+01
[NR OF GAUSSIANS]
8
[SURFACE LEVEL]
        2.500000e-01
[GAUSSIAN CENTERS]
        2.315432e+01        -3.290779e+01         4.729632e+01
       -5.864104e-01        -1.062071e+00        -5.043126e+00
       -3.247799e+01        -2.384620e+01         4.662307e+01
        3.306002e+01         2.343151e+01         4.924212e+01
        2.410483e-01         2.048545e+00         7.862509e+01
        1.556122e+00         2.854735e+00         3.435279e+01
        7.731517e-02        -8.696167e-01         1.037066e+02
       -2.556542e+01         3.148817e+01         4.860842e+01
[GAUSSIAN VARIANCES]
        8.658080e+02         4.215236e+02         1.379442e+02
        5.271204e+02         5.190769e+02         1.597228e+02
        8.566006e+02         4.072284e+02         1.381892e+02
        8.570388e+02         4.317812e+02         1.349123e+02
        6.529544e+02         6.461031e+02         2.610921e+02
        5.890801e+02         4.512035e+02         3.742240e+02
        6.381738e+02         6.351412e+02         1.255214e+02
        8.590298e+02         4.281898e+02         1.358549e+02
[GAUSSIAN ORIENTATIONS]
        2.536626e-02         8.222750e-01         5.685248e-01
       -7.492712e-02         5.686720e-01        -8.191448e-01
        9.968663e-01         2.181929e-02        -7.603577e-02
        2.163911e-01         9.762941e-01         4.975898e-03
        9.761282e-01        -2.164462e-01         1.802166e-02
       -1.867145e-02        -9.573885e-04         9.998252e-01
       -3.975283e-02         5.930577e-01        -8.041780e-01
       -7.465164e-02        -8.043277e-01        -5.894779e-01
        9.964170e-01        -3.659979e-02        -7.624703e-02
        6.945731e-02         5.813939e-01        -8.106521e-01
        7.476414e-03        -8.128952e-01        -5.823620e-01
        9.975569e-01        -3.438853e-02         6.080826e-02
        6.694139e-01        -7.427947e-01        -1.187612e-02
        7.428894e-01         6.693146e-01         1.154487e-02
        6.266041e-04         1.655094e-02        -9.998628e-01
       -2.688249e-01         8.520499e-01        -4.491594e-01
       -6.825690e-01        -4.975406e-01        -5.353064e-01
        6.795828e-01        -1.626786e-01        -7.153342e-01
        9.597974e-01        -2.806055e-01        -7.034606e-03
        2.806448e-01         9.597965e-01         5.404754e-03
       -5.235186e-03         7.161695e-03        -9.999607e-01
       -2.201328e-02         7.783908e-01         6.273939e-01
        6.313018e-02         6.273759e-01        -7.761534e-01
        9.977625e-01        -2.252181e-02         6.295055e-02
